    -3     0.004432
    -2     0.004567
    -2     0.004705
    -2     0.004847
    -2     0.004993
    -2     0.005143
    -2     0.005296
    -2     0.005454
    -2     0.005616
    -2     0.005782
    -2     0.005953
    -2     0.006127
    -2     0.006307
    -2     0.006491
    -2     0.006679
    -2     0.006873
    -2     0.007071
    -2     0.007274
    -2     0.007483
    -2     0.007697
    -2     0.007915
    -2     0.008140
    -2     0.008370
    -2     0.008605
    -2     0.008846
    -2     0.009094
    -2     0.009347
    -2     0.009606
    -2     0.009871
    -2     0.010143
    -2     0.010421
    -2     0.010706
    -2     0.010997
    -2     0.011295
    -2     0.011600
    -2     0.011912
    -2     0.012232
    -2     0.012558
    -2     0.012892
    -2     0.013234
    -2     0.013583
    -2     0.013940
    -2     0.014305
    -2     0.014678
    -2     0.015060
    -2     0.015449
    -2     0.015848
    -2     0.016254
    -2     0.016670
    -2     0.017095
    -2     0.017528
    -2     0.017971
    -2     0.018423
    -2     0.018885
    -2     0.019356
    -2     0.019837
    -2     0.020328
    -2     0.020829
    -2     0.021341
    -2     0.021862
    -2     0.022395
    -2     0.022937
    -2     0.023491
    -2     0.024056
    -2     0.024631
    -2     0.025218
    -2     0.025817
    -2     0.026426
    -2     0.027048
    -2     0.027682
    -2     0.028327
    -2     0.028985
    -2     0.029655
    -2     0.030337
    -2     0.031032
    -2     0.031740
    -2     0.032460
    -2     0.033194
    -2     0.033941
    -2     0.034701
    -2     0.035475
    -2     0.036262
    -2     0.037063
    -2     0.037878
    -2     0.038707
    -2     0.039550
    -2     0.040408
    -2     0.041280
    -2     0.042166
    -2     0.043067
    -2     0.043984
    -2     0.044915
    -2     0.045861
    -2     0.046823
    -2     0.047800
    -2     0.048792
    -2     0.049800
    -2     0.050824
    -2     0.051864
    -2     0.052919
    -2     0.053991
    -1     0.055079
    -1     0.056183
    -1     0.057304
    -1     0.058441
    -1     0.059595
    -1     0.060765
    -1     0.061952
    -1     0.063157
    -1     0.064378
    -1     0.065616
    -1     0.066871
    -1     0.068144
    -1     0.069433
    -1     0.070740
    -1     0.072065
    -1     0.073407
    -1     0.074766
    -1     0.076143
    -1     0.077538
    -1     0.078950
    -1     0.080380
    -1     0.081828
    -1     0.083293
    -1     0.084776
    -1     0.086277
    -1     0.087796
    -1     0.089333
    -1     0.090887
    -1     0.092459
    -1     0.094049
    -1     0.095657
    -1     0.097282
    -1     0.098925
    -1     0.100586
    -1     0.102265
    -1     0.103961
    -1     0.105675
    -1     0.107406
    -1     0.109155
    -1     0.110921
    -1     0.112704
    -1     0.114505
    -1     0.116323
    -1     0.118157
    -1     0.120009
    -1     0.121878
    -1     0.123763
    -1     0.125665
    -1     0.127583
    -1     0.129518
    -1     0.131468
    -1     0.133435
    -1     0.135418
    -1     0.137417
    -1     0.139431
    -1     0.141460
    -1     0.143505
    -1     0.145564
    -1     0.147639
    -1     0.149727
    -1     0.151831
    -1     0.153948
    -1     0.156080
    -1     0.158225
    -1     0.160383
    -1     0.162555
    -1     0.164740
    -1     0.166937
    -1     0.169147
    -1     0.171369
    -1     0.173602
    -1     0.175847
    -1     0.178104
    -1     0.180371
    -1     0.182649
    -1     0.184937
    -1     0.187235
    -1     0.189543
    -1     0.191860
    -1     0.194186
    -1     0.196520
    -1     0.198863
    -1     0.201214
    -1     0.203571
    -1     0.205936
    -1     0.208308
    -1     0.210686
    -1     0.213069
    -1     0.215458
    -1     0.217852
    -1     0.220251
    -1     0.222653
    -1     0.225060
    -1     0.227470
    -1     0.229882
    -1     0.232297
    -1     0.234714
    -1     0.237132
    -1     0.239551
    -1     0.241971
     0     0.244390
     0     0.246809
     0     0.249228
     0     0.251644
     0     0.254059
     0     0.256471
     0     0.258881
     0     0.261286
     0     0.263688
     0     0.266085
     0     0.268477
     0     0.270864
     0     0.273244
     0     0.275618
     0     0.277985
     0     0.280344
     0     0.282694
     0     0.285036
     0     0.287369
     0     0.289692
     0     0.292004
     0     0.294305
     0     0.296595
     0     0.298872
     0     0.301137
     0     0.303389
     0     0.305627
     0     0.307851
     0     0.310060
     0     0.312254
     0     0.314432
     0     0.316593
     0     0.318737
     0     0.320864
     0     0.322972
     0     0.325062
     0     0.327133
     0     0.329184
     0     0.331215
     0     0.333225
     0     0.335213
     0     0.337180
     0     0.339124
     0     0.341046
     0     0.342944
     0     0.344818
     0     0.346668
     0     0.348493
     0     0.350292
     0     0.352065
     0     0.353812
     0     0.355533
     0     0.357225
     0     0.358890
     0     0.360527
     0     0.362135
     0     0.363714
     0     0.365263
     0     0.366782
     0     0.368270
     0     0.369728
     0     0.371154
     0     0.372548
     0     0.373911
     0     0.375240
     0     0.376537
     0     0.377801
     0     0.379031
     0     0.380226
     0     0.381388
     0     0.382515
     0     0.383606
     0     0.384663
     0     0.385683
     0     0.386668
     0     0.387617
     0     0.388529
     0     0.389404
     0     0.390242
     0     0.391043
     0     0.391806
     0     0.392531
     0     0.393219
     0     0.393868
     0     0.394479
     0     0.395052
     0     0.395585
     0     0.396080
     0     0.396536
     0     0.396953
     0     0.397330
     0     0.397668
     0     0.397966
     0     0.398225
     0     0.398444
     0     0.398623
     0     0.398763
     0     0.398862
     0     0.398922
     0     0.398942
     0     0.398922
     0     0.398862
     0     0.398763
     0     0.398623
     0     0.398444
     0     0.398225
     0     0.397966
     0     0.397668
     0     0.397330
     0     0.396953
     0     0.396536
     0     0.396080
     0     0.395585
     0     0.395052
     0     0.394479
     0     0.393868
     0     0.393219
     0     0.392531
     0     0.391806
     0     0.391043
     0     0.390242
     0     0.389404
     0     0.388529
     0     0.387617
     0     0.386668
     0     0.385683
     0     0.384663
     0     0.383606
     0     0.382515
     0     0.381388
     0     0.380226
     0     0.379031
     0     0.377801
     0     0.376537
     0     0.375240
     0     0.373911
     0     0.372548
     0     0.371154
     0     0.369728
     0     0.368270
     0     0.366782
     0     0.365263
     0     0.363714
     0     0.362135
     0     0.360527
     0     0.358890
     0     0.357225
     0     0.355533
     0     0.353812
     0     0.352065
     0     0.350292
     0     0.348493
     0     0.346668
     0     0.344818
     0     0.342944
     0     0.341046
     0     0.339124
     0     0.337180
     0     0.335213
     0     0.333225
     0     0.331215
     0     0.329184
     0     0.327133
     0     0.325062
     0     0.322972
     0     0.320864
     0     0.318737
     0     0.316593
     0     0.314432
     0     0.312254
     0     0.310060
     0     0.307851
     0     0.305627
     0     0.303389
     0     0.301137
     0     0.298872
     0     0.296595
     0     0.294305
     0     0.292004
     0     0.289692
     0     0.287369
     0     0.285036
     0     0.282694
     0     0.280344
     0     0.277985
     0     0.275618
     0     0.273244
     0     0.270864
     0     0.268477
     0     0.266085
     0     0.263688
     0     0.261286
     0     0.258881
     0     0.256471
     0     0.254059
     0     0.251644
     0     0.249228
     0     0.246809
     0     0.244390
     0     0.241971
     1     0.239551
     1     0.237132
     1     0.234714
     1     0.232297
     1     0.229882
     1     0.227470
     1     0.225060
     1     0.222653
     1     0.220251
     1     0.217852
     1     0.215458
     1     0.213069
     1     0.210686
     1     0.208308
     1     0.205936
     1     0.203571
     1     0.201214
     1     0.198863
     1     0.196520
     1     0.194186
     1     0.191860
     1     0.189543
     1     0.187235
     1     0.184937
     1     0.182649
     1     0.180371
     1     0.178104
     1     0.175847
     1     0.173602
     1     0.171369
     1     0.169147
     1     0.166937
     1     0.164740
     1     0.162555
     1     0.160383
     1     0.158225
     1     0.156080
     1     0.153948
     1     0.151831
     1     0.149727
     1     0.147639
     1     0.145564
     1     0.143505
     1     0.141460
     1     0.139431
     1     0.137417
     1     0.135418
     1     0.133435
     1     0.131468
     1     0.129518
     1     0.127583
     1     0.125665
     1     0.123763
     1     0.121878
     1     0.120009
     1     0.118157
     1     0.116323
     1     0.114505
     1     0.112704
     1     0.110921
     1     0.109155
     1     0.107406
     1     0.105675
     1     0.103961
     1     0.102265
     1     0.100586
     1     0.098925
     1     0.097282
     1     0.095657
     1     0.094049
     1     0.092459
     1     0.090887
     1     0.089333
     1     0.087796
     1     0.086277
     1     0.084776
     1     0.083293
     1     0.081828
     1     0.080380
     1     0.078950
     1     0.077538
     1     0.076143
     1     0.074766
     1     0.073407
     1     0.072065
     1     0.070740
     1     0.069433
     1     0.068144
     1     0.066871
     1     0.065616
     1     0.064378
     1     0.063157
     1     0.061952
     1     0.060765
     1     0.059595
     1     0.058441
     1     0.057304
     1     0.056183
     1     0.055079
     1     0.053991
     2     0.052919
     2     0.051864
     2     0.050824
     2     0.049800
     2     0.048792
     2     0.047800
     2     0.046823
     2     0.045861
     2     0.044915
     2     0.043984
     2     0.043067
     2     0.042166
     2     0.041280
     2     0.040408
     2     0.039550
     2     0.038707
     2     0.037878
     2     0.037063
     2     0.036262
     2     0.035475
     2     0.034701
     2     0.033941
     2     0.033194
     2     0.032460
     2     0.031740
     2     0.031032
     2     0.030337
     2     0.029655
     2     0.028985
     2     0.028327
     2     0.027682
     2     0.027048
     2     0.026426
     2     0.025817
     2     0.025218
     2     0.024631
     2     0.024056
     2     0.023491
     2     0.022937
     2     0.022395
     2     0.021862
     2     0.021341
     2     0.020829
     2     0.020328
     2     0.019837
     2     0.019356
     2     0.018885
     2     0.018423
     2     0.017971
     2     0.017528
     2     0.017095
     2     0.016670
     2     0.016254
     2     0.015848
     2     0.015449
     2     0.015060
     2     0.014678
     2     0.014305
     2     0.013940
     2     0.013583
     2     0.013234
     2     0.012892
     2     0.012558
     2     0.012232
     2     0.011912
     2     0.011600
     2     0.011295
     2     0.010997
     2     0.010706
     2     0.010421
     2     0.010143
     2     0.009871
     2     0.009606
     2     0.009347
     2     0.009094
     2     0.008846
     2     0.008605
     2     0.008370
     2     0.008140
     2     0.007915
     2     0.007697
     2     0.007483
     2     0.007274
     2     0.007071
     2     0.006873
     2     0.006679
     2     0.006491
     2     0.006307
     2     0.006127
     2     0.005953
     2     0.005782
     2     0.005616
     2     0.005454
     2     0.005296
     2     0.005143
     2     0.004993
     2     0.004847
     2     0.004705
     2     0.004567
     2     0.004432
